238,3
237,4
235,7
235,6
235,5
235,4
234,4
233,6
233,5
233,4
231,4
231,3
228,4
226,4
225,4
224,5
224,4
223,4
221,4
217,4
216,4
215,10
215,9
215,8
215,7
215,6
215,5
215,4
213,4
210,4
208,4
206,4
204,4
202,4
200,4
199,4
197,4
194,4
192,4
192,3
191,4
188,4
186,11
186,10
186,9
186,8
186,7
186,6
186,5
186,4
185,4
181,4
179,4
179,3
178,4
177,11
177,10
177,9
177,8
177,7
177,6
177,5
177,4
175,3
174,4
173,4
170,6
170,5
170,4
169,6
169,5
169,4
168,5
168,4
167,5
167,4
167,3
164,4
163,5
163,4
163,3
162,4
160,4
159,8
159,7
159,6
159,5
159,4
158,4
158,3
156,4
154,4
152,4
152,3
151,9
151,8
151,7
151,6
151,5
151,4
150,4
148,4
146,4
146,3
146,2
144,4
142,4
139,4
137,4
135,11
135,10
135,9
135,8
135,7
135,6
135,5
135,4
134,4
119,4
112,4
112,3
111,6
111,5
111,4
111,3
103,4
103,3
100,3
99,7
99,6
99,5
99,3
75,6
75,5
75,3
70,4
70,3
65,3
64,4
64,3
63,3
57,7
57,6
57,3
53,3
18,5
18,3
15,10
15,3
7,3
5,69
5,65
5,64
5,39
5,38
5,36
5,35
5,33
5,32
5,28
5,27
5,26
5,25
5,24
5,23
5,22
5,21
5,20
5,18
5,17
5,16
5,15
5,14
5,13
5,12
5,10
5,9
5,8
5,7
5,6
5,5
5,3
4,6
4,5
4,4
4,3
3,2
2,2
1,2
0,232
0,231
0,229
0,228
0,227
0,225
0,224
0,223
0,219
0,218
0,215
0,213
0,212
0,211
0,210
0,208
0,207
0,203
0,198
0,195
0,194
0,193
0,192
0,62
0,61
0,60
0,57
0,56
0,55
0,54
0,53
0,51
238,4
240,4
243,4
244,4
244,6
245,4
246,4
250,4
258,4
260,5
262,4
264,5
265,3
265,4
270,4
270,5
271,4
271,5
271,7
281,4
282,4
282,6
287,4
288,4
289,5
291,4
296,4
298,4
299,5
301,4
303,4
306,4
311,4
315,4
318,4
322,4
326,4
328,4
333,3
333,4
333,6
333,7
333,9
333,11
333,12
333,14
333,15
333,17
338,4
338,5
346,4
346,5
349,4
351,4
352,4
353,5
353,6
353,8
353,9
356,4
359,4
361,2
361,4
361,5
361,7
365,3
365,4
369,4
370,4
375,4
383,3
390,3
395,3
398,3
403,3
406,3
408,3
410,3
410,4
412,3
412,5
412,7
412,8
412,10
412,12
412,13
412,15
412,16
414,0
414,2
414,3
414,5
414,6
417,0
417,2
417,3
417,5
420,0
420,2
420,3
420,5
423,1
423,2
423,4
423,5
426,1
426,3
426,4
429,0
429,1
429,3
429,4
430,0
430,2
430,3
433,0
433,1
433,3
433,5
436,0
436,2
436,3
436,5
439,0
439,2
439,4
439,5
442,1
442,2
442,4
445,0
445,1
445,3
445,4
448,0
448,1
448,3
448,5
451,0
451,2
451,3
451,5
454,1
454,2
454,4
454,5
459,1
459,3
459,4
459,6
459,7
459,9
459,10
460,0
460,2
460,3
460,5
460,6
461,1
461,3
461,4
461,6
464,0
464,2
464,3
464,5
464,7
466,0
466,2
466,3
466,5
469,0
469,1
469,3
469,4
469,6
469,7
469,9
472,0
472,1
472,3
472,4
472,6
473,0
473,1
473,3
473,4
475,1
475,3
475,4
475,6
476,0
476,2
476,3
476,5
477,1
477,2
477,4
477,5
478,0
478,2
478,3
478,5
479,0
479,2
479,3
479,5
483,1
483,2
483,4
483,5
483,7
484,0
484,1
484,3
484,4
485,0
485,1
485,3
490,0
490,1
490,3
490,4
490,6
490,8
490,9
490,11
490,12
490,14
494,0
494,2
494,4
494,5
494,7
494,8
494,10
496,0
496,1
496,3
496,4
496,6
496,8
497,0
497,2
497,3
500,0
500,1
500,3
500,5
500,6
503,0
503,1
503,3
503,5
503,6
503,8
505,0
505,2
505,3
505,5
505,7
505,8
506,1
506,2
506,4
507,1
507,2
507,4
507,5
509,1
509,2
509,4
509,6
509,7
510,1
510,2
510,4
511,1
511,2
512,0
512,1
512,3
512,5
512,6
514,0
514,1
514,3
514,4
514,6
515,0
515,1
515,3
515,4
515,6
517,1
517,2
517,4
517,5
519,0
519,1
519,3
519,5
519,6
520,1
520,2
520,4
520,6
520,7
521,1
521,2
521,4
521,5
521,7
521,9
521,10
521,12
521,13
524,1
524,3
524,5
524,7
526,0
526,2
526,4
526,5
527,0
527,1
527,3
527,4
527,6
527,8
528,0
528,2
528,3
529,0
529,2
529,3
534,0
534,1
534,3
534,4
534,6
534,8
534,9
534,11
534,12
534,14
534,16
534,17
535,1
535,2
535,4
535,5
538,0
538,2
538,3
538,5
538,6
541,1
541,3
541,4
541,6
541,7
541,9
541,10
542,1
542,3
542,4
543,1
543,2
543,4
544,0
544,1
544,3
544,4
546,0
546,2
546,3
546,5
546,6
547,1
547,2
547,4
547,6
547,7
550,0
550,1
550,3
550,5
550,6
556,0
556,1
556,3
556,4
556,6
556,8
556,9
556,11
556,12
558,0
558,2
558,3
558,5
558,6
562,1
562,2
562,4
562,6
562,7
563,0
563,1
563,3
563,5
563,6
564,0
564,1
564,3
564,5
564,6
564,8
568,0
568,2
568,3
568,5
568,7
568,8
568,10
568,11
569,0
569,2
569,3
569,5
569,6
570,0
570,1
570,3
571,1
571,2
571,4
571,5
571,7
571,9
571,10
574,1
574,2
574,4
574,5
577,0
577,2
577,3
577,5
577,6
585,0
585,2
585,3
585,5
585,6
585,8
585,9
585,11
586,1
586,2
586,4
586,5
588,1
588,3
588,4
588,6
589,0
589,2
589,4
589,5
589,7
589,8
591,0
591,1
591,3
591,5
591,6
592,1
592,2
592,4
592,6
592,7
592,9
592,10
592,12
593,0
593,2
593,4
593,5
594,1
594,2
595,0
595,2
595,3
595,5
596,0
596,2
596,3
596,5
598,1
598,2
598,4
598,5
599,0
599,2
599,3
599,5
599,6
600,0
600,2
600,3
601,0
601,1
601,3
601,4
601,6
601,7
601,5
601,2
600,4
600,1
599,7
599,4
599,1
598,6
598,3
598,0
596,4
596,1
595,4
595,1
594,3
594,0
593,3
593,1
592,11
592,8
592,5
592,3
592,0
591,4
591,2
589,9
589,6
589,3
589,1
588,5
588,2
588,0
586,3
586,0
585,10
585,7
585,4
585,1
577,7
577,4
577,1
574,6
574,3
574,0
571,8
571,6
571,3
571,0
570,2
569,7
569,4
569,1
568,12
568,9
568,6
568,4
568,1
564,7
564,4
564,2
563,7
563,4
563,2
562,8
562,5
562,3
562,0
558,4
558,1
556,13
556,10
556,7
556,5
556,2
550,7
550,4
550,2
547,8
547,5
547,3
547,0
546,4
546,1
544,5
544,2
543,5
543,3
543,0
542,2
542,0
541,8
541,5
541,2
541,0
538,4
538,1
535,6
535,3
535,0
534,15
534,13
534,10
534,7
534,5
534,2
529,4
529,1
528,4
528,1
527,7
527,5
527,2
526,6
526,3
526,1
524,6
524,2
524,0
521,11
521,8
521,6
521,3
521,0
520,5
520,3
520,0
519,4
519,2
517,6
517,3
517,0
515,5
515,2
514,7
514,5
514,2
512,7
512,4
512,2
511,3
511,0
510,3
510,0
509,5
509,3
509,0
507,3
507,0
506,3
506,0
505,6
505,4
505,1
503,7
503,4
503,2
500,7
500,4
500,2
497,4
497,1
496,7
496,5
496,2
494,11
494,9
494,6
494,3
494,1
490,13
490,10
490,7
490,5
490,2
485,4
485,2
484,5
484,2
483,8
483,6
483,3
483,0
479,4
479,1
478,4
478,1
477,6
477,3
477,0
476,4
476,1
475,5
475,2
475,0
473,2
472,7
472,5
472,2
469,10
469,8
469,5
469,2
466,6
466,4
466,1
464,6
464,4
464,1
461,5
461,2
461,0
460,4
460,1
459,11
459,8
459,5
459,2
459,0
454,3
454,0
451,4
451,1
448,4
448,2
445,5
445,2
442,5
442,3
442,0
439,3
439,1
436,4
436,1
433,4
433,2
430,4
430,1
429,5
429,2
426,5
426,2
426,0
423,3
423,0
420,4
420,1
417,4
417,1
414,7
414,4
414,1
412,17
412,14
412,11
412,9
412,6
410,6
409,3
407,3
401,3
393,3
387,3
374,4
369,3
361,8
361,6
361,3
357,4
354,4
353,7
353,4
350,4
347,4
345,4
337,4
333,16
333,13
333,10
333,8
333,5
331,4
324,4
320,4
313,4
303,5
302,4
299,4
292,4
289,4
287,5
282,5
272,4
271,6
270,6
268,4
264,6
264,4
260,4
248,4
246,3
244,5
242,4
0,220
0,217
0,216
0,233
0,226
0,221
0,214
0,196
0,197
0,59
1,45
3,44
2,44
1,44
3,43
2,43
1,43
3,42
2,42
1,42
3,41
2,41
1,41
3,40
2,40
1,40
3,39
2,39
1,39
3,38
2,38
1,38
3,37
2,37
1,37
3,36
2,36
1,36
3,35
2,35
1,35
3,34
2,34
1,34
3,33
2,33
1,33
3,32
2,32
1,32
3,31
2,31
1,31
3,30
2,30
1,30
3,29
2,29
1,29
3,28
2,28
1,28
3,27
2,27
1,27
3,26
2,26
1,26
3,25
2,25
1,25
3,24
2,24
1,24
3,23
2,23
1,23
3,22
2,22
1,22
3,21
2,21
1,21
3,20
2,20
1,20
3,19
2,19
1,19
3,18
2,18
1,18
3,17
2,17
1,17
3,16
2,16
1,16
3,15
2,15
1,15
3,14
2,14
1,14
3,45
3,13
2,13
1,13
3,12
2,12
1,12
3,11
2,11
1,11
3,10
2,10
1,10
3,9
2,9
1,9
3,8
2,8
1,8
3,7
2,7
1,7
3,6
2,6
1,6
3,5
2,5
1,5
3,4
2,4
1,4
3,3
3,0
2,3
2,0
1,3
1,0
0,6
0,0
0,47
0,46
0,49
0,48
0,45
0,209
0,12
0,50
0,10
0,58
0,8
0,63
0,11
0,5
0,7
0,4
0,3
